Hips:0.000000,0.000001,-0.000044,1.000000
LeftUpperLeg:-0.000304,-0.006079,0.999936,0.009576
RightUpperLeg:0.000029,-0.014374,0.999851,-0.009583
LeftLowerLeg:0.000098,-0.024463,0.999634,-0.011520
RightLowerLeg:-0.000174,-0.022388,0.999683,0.011526
LeftFoot:0.027640,0.427684,0.903506,0.000537
RightFoot:-0.026177,0.438421,0.898388,-0.000527
Spine:-0.002828,0.000000,0.000000,0.999996
Chest:-0.002828,0.000000,0.000000,0.999996
UpperChest:-0.002828,0.000000,0.000000,0.999996
Neck:0.000000,0.000000,0.000000,1.000000
Head:0.000000,0.000000,0.000000,1.000000
LeftShoulder:0.569807,-0.414533,0.575068,0.415668
RightShoulder:0.571636,0.413231,-0.573192,0.417041
LeftUpperArm:0.497336,-0.497334,0.502652,0.502650
RightUpperArm:0.498157,0.498220,-0.501774,0.501837
LeftLowerArm:0.497291,-0.497290,0.502696,0.502694
RightLowerArm:0.498102,0.498165,-0.501829,0.501891
LeftHand:0.476997,-0.525817,0.528235,0.465788
RightHand:0.477534,0.527783,-0.527848,0.463448
LeftToes:-0.001649,0.700789,0.713273,-0.011579
RightToes:0.001362,0.700801,0.713266,0.011278
LeftThumbProximal:0.710783,-0.325355,0.463857,0.416856
LeftThumbIntermediate:0.739453,-0.257621,0.420489,0.458291
LeftThumbDistal:0.753821,-0.208635,0.391148,0.485004
LeftIndexProximal:0.501948,-0.502047,0.498045,0.497945
LeftIndexIntermediate:0.502043,-0.501951,0.497950,0.498040
LeftIndexDistal:0.502008,-0.501986,0.497985,0.498005
LeftMiddleProximal:0.502137,-0.502417,0.497854,0.497572
LeftMiddleIntermediate:0.502725,-0.501858,0.497269,0.498126
LeftMiddleDistal:0.502008,-0.501986,0.497985,0.498005
LeftRingProximal:0.503304,-0.504064,0.496664,0.495913
LeftRingIntermediate:0.503738,-0.503606,0.496236,0.496366
LeftRingDistal:0.504072,-0.503298,0.495907,0.496669
LeftLittleProximal:0.502091,-0.501988,0.497903,0.498003
LeftLittleIntermediate:0.502223,-0.501861,0.497772,0.498129
LeftLittleDistal:0.501759,-0.502332,0.498231,0.497660
RightThumbProximal:0.711644,0.323766,-0.462637,0.417979
RightThumbIntermediate:0.739824,0.257625,-0.419786,0.458334
RightThumbDistal:0.754541,0.209098,-0.389923,0.484671
RightIndexProximal:0.503374,0.503267,-0.496542,0.496773
RightIndexIntermediate:0.503794,0.502870,-0.496127,0.497164
RightIndexDistal:0.502619,0.504067,-0.497285,0.495982
RightMiddleProximal:0.502586,0.504063,-0.497319,0.495987
RightMiddleIntermediate:0.503270,0.503333,-0.496645,0.496708
RightMiddleDistal:0.504165,0.502507,-0.495760,0.497521
RightRingProximal:0.503626,0.503958,-0.496280,0.496079
RightRingIntermediate:0.503769,0.503814,-0.496139,0.496221
RightRingDistal:0.503910,0.503675,-0.496000,0.496358
RightLittleProximal:0.504218,0.504137,-0.495686,0.495890
RightLittleIntermediate:0.504995,0.503418,-0.494918,0.496595
RightLittleDistal:0.503088,0.505373,-0.496792,0.494671
